[250315] 2026/04/09 18:59:08.225894 [INF] Starting nats-server
[250315] 2026/04/09 18:59:08.226094 [INF]   Version:  2.10.7
[250315] 2026/04/09 18:59:08.226211 [INF]   Git:      [not set]
[250315] 2026/04/09 18:59:08.226370 [INF]   Name:     boardroom-nats
[250315] 2026/04/09 18:59:08.226459 [INF]   Node:     HVW20pwB
[250315] 2026/04/09 18:59:08.226540 [INF]   ID:       NCPHFKBXBVGPMKHAW3F3EDRVWQQLQNU7X5Y2NMGKCJJ242COA7NT642M
[250315] 2026/04/09 18:59:08.226628 [INF] Using configuration file: /mnt/d/AI/boardroom/nats/nats-server.conf
[250315] 2026/04/09 18:59:08.226954 [INF] Starting JetStream
[250315] 2026/04/09 18:59:08.229668 [INF]     _ ___ _____ ___ _____ ___ ___   _   __  __
[250315] 2026/04/09 18:59:08.229757 [INF]  _ | | __|_   _/ __|_   _| _ \ __| /_\ |  \/  |
[250315] 2026/04/09 18:59:08.229944 [INF] | || | _|  | | \__ \ | | |   / _| / _ \| |\/| |
[250315] 2026/04/09 18:59:08.230014 [INF]  \__/|___| |_| |___/ |_| |_|_\___/_/ \_\_|  |_|
[250315] 2026/04/09 18:59:08.230079 [INF] 
[250315] 2026/04/09 18:59:08.230291 [INF]          https://docs.nats.io/jetstream
[250315] 2026/04/09 18:59:08.230368 [INF] 
[250315] 2026/04/09 18:59:08.230444 [INF] ---------------- JETSTREAM ----------------
[250315] 2026/04/09 18:59:08.230512 [INF]   Max Memory:      256.00 MB
[250315] 2026/04/09 18:59:08.230575 [INF]   Max Storage:     1.00 GB
[250315] 2026/04/09 18:59:08.230639 [INF]   Store Directory: "/mnt/d/AI/boardroom/nats/jetstream-data/jetstream"
[250315] 2026/04/09 18:59:08.230705 [INF] -------------------------------------------
[250315] 2026/04/09 18:59:08.261183 [FTL] Unable to listen for websocket connections: listen tcp 0.0.0.0:8443: bind: address already in use
